image0000.jpg:[45,459,558,1551,1]
image0001.jpg:[75,505,553,1545,1]
image0002.jpg:[278,452,654,1771,1]
image0003.jpg:[296,487,593,1739,1]
image0004.jpg:[346,497,666,1799,1]
image0005.jpg:[427,487,658,1806,1]
image0006.jpg:[477,422,610,1874,1]
image0007.jpg:[349,369,733,1909,1]
image0008.jpg:[670,429,412,1864,1]
image0009.jpg:[952,391,130,1910,1]
image0010.jpg:[949,359,136,1939,1]
image0011.jpg:[947,464,135,1837,1]
image0012.jpg:[864,472,223,1829,1]
image0013.jpg:[615,603,472,1695,1]
image0014.jpg:[517,615,563,1683,1]
image0015.jpg:[311,462,771,1836,1]
image0016.jpg:[474,412,340,1206,1]
image0017.jpg:[464,404,350,1211,1]
image0018.jpg:[248,402,344,1203,1]
image0019.jpg:[298,386,287,1206,1]
image0020.jpg:[238,379,304,1229,1]
image0021.jpg:[628,183,454,1550,1]
image0022.jpg:[790,229,493,850,1]
image0023.jpg:[801,249,776,835,1]
image0024.jpg:[167,5,1433,811,1]
image0025.jpg:[369,218,550,1543,1]
image0026.jpg:[396,293,521,1533,1]
image0027.jpg:[218,1213,621,1083,1]
image0028.jpg:[673,1012,409,1279,1]
image0029.jpg:[550,1477,532,819,1]
image0001_0_aug.jpg:[193,313,614,1868,1]
image0001_1_aug.jpg:[277,634,442,1236,1]
image0001_2_aug.jpg:[460,505,553,1545,1]
image0001_3_aug.jpg:[-1,466,685,1587,1]
image0001_4_aug.jpg:[75,505,553,1545,1]
image0001_5_aug.jpg:[75,505,553,1545,1]
image0001_6_aug.jpg:[75,254,553,1545,1]
image0001_7_aug.jpg:[75,505,553,1545,1]
image0000_0_aug.jpg:[198,529,412,1488,1]
image0000_1_aug.jpg:[253,597,446,1240,1]
image0000_2_aug.jpg:[485,459,558,1551,1]
image0000_3_aug.jpg:[-27,418,691,1593,1]
image0000_4_aug.jpg:[45,459,558,1551,1]
image0000_5_aug.jpg:[45,459,558,1551,1]
image0000_6_aug.jpg:[45,294,558,1551,1]
image0000_7_aug.jpg:[45,459,558,1551,1]
image0002_0_aug.jpg:[22,-138,666,3366,1]
image0002_1_aug.jpg:[440,592,523,1416,1]
image0002_2_aug.jpg:[156,452,654,1771,1]
image0002_3_aug.jpg:[185,431,805,1821,1]
image0002_4_aug.jpg:[278,452,654,1771,1]
image0002_5_aug.jpg:[278,452,654,1771,1]
image0002_6_aug.jpg:[278,81,654,1771,1]
image0002_7_aug.jpg:[278,452,654,1771,1]
image0004_0_aug.jpg:[247,-151,841,3542,1]
image0004_1_aug.jpg:[494,628,532,1439,1]
image0004_2_aug.jpg:[76,497,666,1799,1]
image0004_3_aug.jpg:[247,482,820,1850,1]
image0004_4_aug.jpg:[346,497,666,1799,1]
image0004_5_aug.jpg:[346,497,666,1799,1]
image0004_6_aug.jpg:[346,8,666,1799,1]
image0004_7_aug.jpg:[346,497,666,1799,1]
image0003_0_aug.jpg:[209,547,902,1297,1]
image0003_1_aug.jpg:[454,620,474,1391,1]
image0003_2_aug.jpg:[199,487,593,1739,1]
image0003_3_aug.jpg:[203,467,742,1784,1]
image0003_4_aug.jpg:[296,487,593,1739,1]
image0003_5_aug.jpg:[296,487,593,1739,1]
image0003_6_aug.jpg:[296,78,593,1739,1]
image0003_7_aug.jpg:[296,487,593,1739,1]
image0005_0_aug.jpg:[236,784,654,1335,1]
image0005_1_aug.jpg:[559,620,526,1444,1]
image0005_2_aug.jpg:[3,487,658,1806,1]
image0005_3_aug.jpg:[328,479,812,1856,1]
image0005_4_aug.jpg:[427,487,658,1806,1]
image0005_5_aug.jpg:[427,487,658,1806,1]
image0005_6_aug.jpg:[427,11,658,1806,1]
image0005_7_aug.jpg:[427,487,658,1806,1]
image0006_0_aug.jpg:[404,281,475,1951,1]
image0006_1_aug.jpg:[599,568,488,1499,1]
image0006_2_aug.jpg:[1,422,610,1874,1]
image0006_3_aug.jpg:[377,418,771,1920,1]
image0006_4_aug.jpg:[477,422,610,1874,1]
image0006_5_aug.jpg:[477,422,610,1874,1]
image0006_6_aug.jpg:[477,8,610,1874,1]
image0006_7_aug.jpg:[477,422,610,1874,1]
image0008_0_aug.jpg:[518,374,374,1494,1]
image0008_1_aug.jpg:[753,573,329,1491,1]
image0008_2_aug.jpg:[6,429,412,1864,1]
image0008_3_aug.jpg:[570,442,572,1892,1]
image0008_4_aug.jpg:[670,429,412,1864,1]
image0008_5_aug.jpg:[670,429,412,1864,1]
image0008_6_aug.jpg:[670,11,412,1864,1]
image0008_7_aug.jpg:[670,429,412,1864,1]
image0007_0_aug.jpg:[428,134,577,2010,1]
image0007_1_aug.jpg:[496,525,586,1527,1]
image0007_2_aug.jpg:[6,369,733,1909,1]
image0007_3_aug.jpg:[251,354,896,1965,1]
image0007_4_aug.jpg:[349,369,733,1909,1]
image0007_5_aug.jpg:[349,369,733,1909,1]
image0007_6_aug.jpg:[349,26,733,1909,1]
image0007_7_aug.jpg:[349,369,733,1909,1]
image0009_0_aug.jpg:[1273,355,221,2296,1]
image0009_1_aug.jpg:[979,543,103,1528,1]
image0009_2_aug.jpg:[6,391,130,1910,1]
image0009_3_aug.jpg:[850,429,295,1914,1]
image0009_4_aug.jpg:[952,391,130,1910,1]
image0009_5_aug.jpg:[952,391,130,1910,1]
image0009_6_aug.jpg:[952,3,130,1910,1]
image0009_7_aug.jpg:[952,391,130,1910,1]
image0011_0_aug.jpg:[1138,199,136,2889,1]
image0011_1_aug.jpg:[975,601,107,1469,1]
image0011_2_aug.jpg:[6,464,135,1837,1]
image0011_3_aug.jpg:[845,501,294,1841,1]
image0011_4_aug.jpg:[947,464,135,1837,1]
image0011_5_aug.jpg:[947,464,135,1837,1]
image0011_6_aug.jpg:[947,3,135,1837,1]
image0011_7_aug.jpg:[947,464,135,1837,1]
image0010_0_aug.jpg:[812,442,102,1623,1]
image0010_1_aug.jpg:[976,517,108,1551,1]
image0010_2_aug.jpg:[3,359,136,1939,1]
image0010_3_aug.jpg:[847,397,304,1943,1]
image0010_4_aug.jpg:[949,359,136,1939,1]
image0010_5_aug.jpg:[949,359,136,1939,1]
image0010_6_aug.jpg:[949,6,136,1939,1]
image0010_7_aug.jpg:[949,359,136,1939,1]
image0012_0_aug.jpg:[768,527,162,2526,1]
image0012_1_aug.jpg:[908,608,178,1463,1]
image0012_2_aug.jpg:[1,472,223,1829,1]
image0012_3_aug.jpg:[762,502,381,1841,1]
image0012_4_aug.jpg:[864,472,223,1829,1]
image0012_5_aug.jpg:[864,472,223,1829,1]
image0012_6_aug.jpg:[864,3,223,1829,1]
image0012_7_aug.jpg:[864,472,223,1829,1]
image0013_0_aug.jpg:[425,559,508,2400,1]
image0013_1_aug.jpg:[709,712,377,1356,1]
image0013_2_aug.jpg:[1,603,472,1695,1]
image0013_3_aug.jpg:[514,611,617,1729,1]
image0013_4_aug.jpg:[615,603,472,1695,1]
image0013_5_aug.jpg:[615,603,472,1695,1]
image0013_6_aug.jpg:[615,6,472,1695,1]
image0013_7_aug.jpg:[615,603,472,1695,1]
image0016_0_aug.jpg:[335,387,374,1004,1]
image0016_1_aug.jpg:[596,560,272,964,1]
image0016_2_aug.jpg:[274,412,340,1206,1]
image0016_3_aug.jpg:[433,408,443,1231,1]
image0016_4_aug.jpg:[474,412,340,1206,1]
image0016_5_aug.jpg:[474,412,340,1206,1]
image0016_6_aug.jpg:[474,686,340,1206,1]
image0016_7_aug.jpg:[474,412,340,1206,1]
image0015_0_aug.jpg:[323,110,893,2903,1]
image0015_1_aug.jpg:[466,600,616,1468,1]
image0015_2_aug.jpg:[6,462,771,1836,1]
image0015_3_aug.jpg:[212,444,928,1896,1]
image0015_4_aug.jpg:[311,462,771,1836,1]
image0015_5_aug.jpg:[311,462,771,1836,1]
image0015_6_aug.jpg:[311,6,771,1836,1]
image0015_7_aug.jpg:[311,462,771,1836,1]
image0014_0_aug.jpg:[317,596,571,1948,1]
image0014_1_aug.jpg:[631,722,450,1346,1]
image0014_2_aug.jpg:[8,615,563,1683,1]
image0014_3_aug.jpg:[417,614,707,1725,1]
image0014_4_aug.jpg:[517,615,563,1683,1]
image0014_5_aug.jpg:[517,615,563,1683,1]
image0014_6_aug.jpg:[517,6,563,1683,1]
image0014_7_aug.jpg:[517,615,563,1683,1]
image0017_0_aug.jpg:[663,687,326,919,1]
image0017_1_aug.jpg:[588,553,280,968,1]
image0017_2_aug.jpg:[274,404,350,1211,1]
image0017_3_aug.jpg:[423,399,454,1236,1]
image0017_4_aug.jpg:[464,404,350,1211,1]
image0017_5_aug.jpg:[464,404,350,1211,1]
image0017_6_aug.jpg:[464,689,350,1211,1]
image0017_7_aug.jpg:[464,404,350,1211,1]
image0018_0_aug.jpg:[128,468,344,1486,1]
image0018_1_aug.jpg:[416,552,275,962,1]
image0018_2_aug.jpg:[496,402,344,1203,1]
image0018_3_aug.jpg:[209,379,447,1228,1]
image0018_4_aug.jpg:[248,402,344,1203,1]
image0018_5_aug.jpg:[248,402,344,1203,1]
image0018_6_aug.jpg:[248,699,344,1203,1]
image0018_7_aug.jpg:[248,402,344,1203,1]
image0020_0_aug.jpg:[285,16,314,2057,1]
image0020_1_aug.jpg:[408,533,243,983,1]
image0020_2_aug.jpg:[546,379,304,1229,1]
image0020_3_aug.jpg:[199,355,409,1250,1]
image0020_4_aug.jpg:[238,379,304,1229,1]
image0020_5_aug.jpg:[238,379,304,1229,1]
image0020_6_aug.jpg:[238,696,304,1229,1]
image0020_7_aug.jpg:[238,379,304,1229,1]
image0021_0_aug.jpg:[627,-439,405,2582,1]
image0021_1_aug.jpg:[720,376,363,1240,1]
image0021_2_aug.jpg:[6,183,454,1550,1]
image0021_3_aug.jpg:[577,194,587,1583,1]
image0021_4_aug.jpg:[628,183,454,1550,1]
image0021_5_aug.jpg:[628,183,454,1550,1]
image0021_6_aug.jpg:[628,571,454,1550,1]
image0021_7_aug.jpg:[628,183,454,1550,1]
image0019_0_aug.jpg:[228,488,261,880,1]
image0019_1_aug.jpg:[456,539,229,964,1]
image0019_2_aug.jpg:[503,386,287,1206,1]
image0019_3_aug.jpg:[260,367,391,1226,1]
image0019_4_aug.jpg:[298,386,287,1206,1]
image0019_5_aug.jpg:[298,386,287,1206,1]
image0019_6_aug.jpg:[298,712,287,1206,1]
image0019_7_aug.jpg:[298,386,287,1206,1]
image0023_0_aug.jpg:[886,217,588,1135,1]
image0023_1_aug.jpg:[1101,308,620,668,1]
image0023_2_aug.jpg:[727,249,776,835,1]
image0023_3_aug.jpg:[755,219,845,899,1]
image0023_4_aug.jpg:[801,249,776,835,1]
image0023_5_aug.jpg:[801,249,776,835,1]
image0023_6_aug.jpg:[801,4,776,835,1]
image0023_7_aug.jpg:[801,249,776,835,1]
image0022_0_aug.jpg:[407,229,663,744,1]
image0022_1_aug.jpg:[1092,292,394,680,1]
image0022_2_aug.jpg:[1021,229,493,850,1]
image0022_3_aug.jpg:[744,198,565,889,1]
image0022_4_aug.jpg:[790,229,493,850,1]
image0022_5_aug.jpg:[790,229,493,850,1]
image0022_6_aug.jpg:[790,9,493,850,1]
image0022_7_aug.jpg:[790,229,493,850,1]
image0024_0_aug.jpg:[469,109,1328,933,1]
image0024_1_aug.jpg:[594,112,1146,648,1]
image0024_2_aug.jpg:[704,5,1433,811,1]
image0024_3_aug.jpg:[147,-78,1498,932,1]
image0024_4_aug.jpg:[167,5,1433,811,1]
image0024_5_aug.jpg:[167,5,1433,811,1]
image0024_6_aug.jpg:[167,272,1433,811,1]
image0024_7_aug.jpg:[167,5,1433,811,1]
image0027_0_aug.jpg:[373,917,623,1319,1]
image0027_1_aug.jpg:[392,1200,496,866,1]
image0027_2_aug.jpg:[249,1213,621,1083,1]
image0027_3_aug.jpg:[119,1184,713,1133,1]
image0027_4_aug.jpg:[218,1213,621,1083,1]
image0027_5_aug.jpg:[218,1213,621,1083,1]
image0027_6_aug.jpg:[218,8,621,1083,1]
image0027_7_aug.jpg:[218,1213,621,1083,1]
image0025_0_aug.jpg:[158,365,727,1546,1]
image0025_1_aug.jpg:[512,404,440,1234,1]
image0025_2_aug.jpg:[169,218,550,1543,1]
image0025_3_aug.jpg:[316,206,682,1585,1]
image0025_4_aug.jpg:[369,218,550,1543,1]
image0025_5_aug.jpg:[369,218,550,1543,1]
image0025_6_aug.jpg:[369,543,550,1543,1]
image0025_7_aug.jpg:[369,218,550,1543,1]
image0028_0_aug.jpg:[707,1556,467,1308,1]
image0028_1_aug.jpg:[756,1040,327,1023,1]
image0028_2_aug.jpg:[6,1012,409,1279,1]
image0028_3_aug.jpg:[573,1023,518,1309,1]
image0028_4_aug.jpg:[673,1012,409,1279,1]
image0028_5_aug.jpg:[673,1012,409,1279,1]
image0028_6_aug.jpg:[673,13,409,1279,1]
image0028_7_aug.jpg:[673,1012,409,1279,1]
image0026_0_aug.jpg:[208,-356,509,2213,1]
image0026_1_aug.jpg:[534,464,416,1226,1]
image0026_2_aug.jpg:[171,293,521,1533,1]
image0026_3_aug.jpg:[337,283,652,1572,1]
image0026_4_aug.jpg:[396,293,521,1533,1]
image0026_5_aug.jpg:[396,293,521,1533,1]
image0026_6_aug.jpg:[396,478,521,1533,1]
image0026_7_aug.jpg:[396,293,521,1533,1]
image0029_0_aug.jpg:[407,1418,643,719,1]
image0029_1_aug.jpg:[657,1412,425,655,1]
image0029_2_aug.jpg:[6,1477,532,819,1]
image0029_3_aug.jpg:[450,1476,601,862,1]
image0029_4_aug.jpg:[550,1477,532,819,1]
image0029_5_aug.jpg:[550,1477,532,819,1]
image0029_6_aug.jpg:[550,8,532,819,1]
image0029_7_aug.jpg:[550,1477,532,819,1]